3.72000e+14 1621.906982 318.950989 84.14111 106.45299 111.47668 -458.190 -366.570 -672.130
6.82140e+11 198.518997 14.740000 84.07641 106.28865 111.78291 -471.230 221.620 -1299.490
4.70440e+10 81.410004 7.911000 84.97766 106.60248 110.87876 271.080 -1503.330 -1609.320
4.23400e+11 169.339996 22.714001 85.39484 106.87580 112.11535 -1497.910 -629.160 -991.860
2.11700e+11 134.404999 11.876000 85.09409 107.14490 110.63423 -1357.730 -1364.130 553.130
7.52700e+11 205.141006 28.881001 84.09574 106.07079 112.02695 -688.280 -289.710 -475.460
2.11700e+11 134.404999 23.832001 82.31416 106.15605 110.29402 1863.490 584.690 545.980
4.70440e+10 81.410004 2.453000 83.37344 105.96951 109.65666 250.740 -47.200 799.860
3.52830e+11 159.354996 30.667999 81.68799 105.66432 111.35856 202.410 -57.630 -304.710
3.29310e+11 155.731995 13.290000 85.31537 106.32814 112.85461 -1407.590 -391.990 -940.140
4.46920e+11 172.419998 18.481001 83.70494 106.22090 109.88018 -545.930 -522.830 700.840
2.82260e+11 147.932007 10.727000 83.18645 107.24902 109.57415 352.870 220.150 839.040
1.34080e+12 248.673004 59.986000 81.92709 106.67010 110.18997 1212.170 -24.640 1220.920
3.52830e+11 159.354996 57.174999 81.88937 106.17814 111.59652 1107.980 -431.000 173.400
3.29310e+11 155.731995 29.798000 83.91865 106.58747 108.68391 529.310 10.660 854.670
3.05790e+11 151.932007 21.992001 83.08797 106.93407 108.80424 1588.780 604.970 808.670
3.76350e+11 162.820999 21.921000 83.09927 105.01433 112.51509 -385.500 277.650 -753.900
2.82260e+11 147.932007 29.771000 84.47729 106.15439 110.41660 -915.580 -1913.530 519.730
4.93960e+11 178.268997 26.726000 81.42859 104.68369 110.56307 580.420 -347.140 174.710
8.93840e+11 217.235001 29.785999 83.55962 107.29486 110.89561 -474.840 -1537.700 862.760
1.36430e+12 250.117996 27.351999 85.24231 105.81981 113.08784 -1231.000 -157.380 -906.370
2.09350e+12 288.490997 13.521000 81.89523 106.49958 109.60066 -3.410 -598.640 -329.850
4.46920e+11 172.419998 27.152000 81.21809 106.07816 110.24413 765.300 636.650 1358.020
4.70440e+11 175.393005 56.015999 85.97350 108.58705 109.00375 -840.120 -1264.180 49.210
1.81120e+12 274.894989 29.921000 84.50224 105.89252 111.14513 -1086.970 -1229.800 1059.380
9.87930e+11 224.604996 26.083000 85.61623 105.28952 112.01727 -1233.970 -979.510 -913.390
4.93960e+11 178.268997 16.580000 85.78998 107.38740 111.60997 -1016.800 -409.540 -1261.390
4.70440e+11 175.393005 12.624000 84.49030 105.86405 111.29858 1479.410 188.720 -1106.310
5.88050e+11 188.936996 61.909000 80.49504 104.23171 110.68802 359.590 -352.160 234.980
3.76350e+11 162.820999 15.871000 85.12728 107.26447 109.47607 -530.660 -1803.100 50.500
4.23400e+11 169.339996 25.243000 81.51507 107.04958 110.65978 453.530 -988.930 -343.590
4.11640e+12 361.423004 101.425003 78.81554 104.44093 112.53326 854.580 147.640 -604.640
1.85820e+12 277.253998 32.398998 78.88559 104.93560 112.90243 648.370 -83.150 -761.320
5.41010e+12 395.894012 30.733999 85.47750 109.82756 107.02193 -206.700 -1034.560 365.490
3.26960e+12 334.713989 114.983002 83.86575 106.71890 115.29508 194.510 -379.250 -1019.570
3.99870e+11 166.143997 21.193001 85.58911 108.21239 111.35143 568.810 -399.220 -536.950
9.17360e+11 219.125000 32.611000 84.95539 110.25597 107.27901 -123.200 -1226.430 607.160
1.03500e+12 228.115005 25.018000 81.75211 106.24055 110.46573 1066.260 258.250 1221.760
5.62930e+14 1862.068970 531.213013 78.80243 105.78700 137.78598 456.860 -785.350 -815.770
4.46920e+11 172.419998 18.625999 78.94898 105.97061 137.32027 -130.380 -328.360 1538.680
3.99870e+11 166.143997 20.735001 78.31115 105.77949 137.59183 1413.770 -100.820 800.070
1.88180e+11 129.231003 35.424000 79.97690 106.30854 138.26129 774.860 -1366.220 -816.670
9.40880e+10 102.570999 14.599000 78.26151 106.17427 138.23264 -590.680 26.640 -602.080
5.64530e+11 186.382996 28.176001 78.96133 105.69086 137.65816 486.350 -740.540 -921.040
3.29310e+11 155.731995 27.268999 77.89881 106.21145 137.73026 -606.030 -465.900 -1174.850
2.23460e+11 136.692566 6.642000 78.81495 105.66336 137.62717 1911.134 -559.749 -2551.956
2.58740e+11 143.703003 23.792999 78.06294 106.54414 137.78697 2062.960 433.680 -321.080
2.35220e+11 139.210007 23.391001 78.93909 106.14665 137.37083 135.960 -2443.380 -2099.450
2.11700e+11 134.404999 6.597000 80.49361 105.51594 138.52071 90.680 -1064.450 -1200.780
2.11700e+11 134.404999 9.348000 79.70265 106.46229 137.48901 -841.130 -315.720 -1769.080
5.17480e+11 181.054993 20.157000 79.59487 105.73153 137.50909 1568.290 420.260 -862.320
1.88180e+11 129.231003 21.327999 79.23767 106.37223 136.68185 -856.580 -974.810 557.070
1.64650e+11 123.605003 18.683001 78.17105 104.60918 136.58072 381.460 -830.400 -505.980
2.11700e+11 134.404999 28.695000 77.96873 106.83118 138.02718 657.910 -1381.170 -2331.290
3.52830e+11 159.354996 17.294001 80.13096 105.33931 138.83305 -1419.720 11.560 -525.400
4.70440e+11 175.393005 13.742000 77.42177 106.18079 136.94531 741.020 -1021.700 -645.870
3.76350e+11 162.820999 7.817000 79.86340 105.47165 137.56360 931.470 -1475.750 -2419.500
4.46920e+11 172.419998 8.970000 78.70457 106.01580 137.18021 1818.880 -477.980 -2184.460
4.70440e+11 175.393005 16.691999 79.39159 105.87666 138.93106 11.810 -626.780 -1030.100
4.46920e+11 172.419998 8.681000 78.07173 105.96507 137.92543 1874.100 -374.090 54.620
7.05660e+11 200.774994 9.736000 79.32681 105.28500 137.77081 891.050 -1713.900 -756.680
5.36300e+12 394.743011 44.195999 78.59266 105.75793 138.22102 -1296.010 -294.880 -361.780
4.04580e+12 359.346008 347.931000 81.22534 103.85547 136.99042 -1034.910 434.950 -840.030
5.41010e+11 183.757996 20.365999 80.91663 104.00806 137.06464 -923.890 289.350 -974.720
2.04640e+12 286.313995 14.796000 78.69290 105.75279 138.13777 -1457.600 234.060 -447.100
3.29310e+11 155.731995 7.455000 80.37556 106.20092 134.82489 -392.020 -578.040 234.060
3.99870e+11 166.143997 25.834999 81.52547 105.01428 137.00816 -999.410 315.950 -411.260
3.99870e+11 166.143997 46.026001 81.96188 104.46725 136.04649 -890.250 -176.160 -443.880
4.23400e+11 169.339996 23.216999 79.82607 107.47262 136.23051 -389.080 -1862.480 -178.250
4.46920e+11 172.419998 24.834000 76.30103 106.03400 138.23061 1394.300 -895.590 -406.870
1.88180e+11 129.231003 32.431000 77.51332 106.45342 137.21227 -434.790 -1456.140 -626.900
1.36430e+12 250.117996 28.886000 80.10709 105.87141 137.47060 1053.950 -70.240 -748.040
5.85700e+12 406.507996 71.318001 81.99238 104.61736 136.29738 -1225.930 -79.590 -530.420
8.23270e+11 211.360992 19.614000 78.17413 105.07205 138.07730 1765.740 -1441.020 -1531.450
7.99750e+11 209.328995 16.809000 79.45775 105.21998 138.11505 -1011.560 -351.620 -19.110
8.93840e+11 217.235001 11.877000 79.12387 105.91398 137.06079 -427.760 -928.280 519.340
3.76350e+11 162.820999 14.913000 76.33220 105.81319 137.98337 1357.470 -1044.710 -849.220
4.51620e+12 372.765991 12.869000 78.01291 106.19054 137.77448 776.260 -972.120 -944.690
2.38040e+13 648.729004 130.382004 79.24710 105.68499 136.57701 -208.640 -625.310 805.470
6.11570e+11 191.423004 20.608999 82.44745 104.27325 136.11066 -958.700 287.460 -517.410
1.27020e+12 244.231003 11.917000 79.19643 105.54481 136.44685 -812.770 -950.420 1070.800
9.87930e+11 224.604996 9.627000 78.19063 106.49381 138.19791 1239.990 -2076.410 -911.240
9.31000e+13 1022.103027 112.230003 80.02081 105.28722 137.20689 -1211.100 82.320 -631.330
3.29310e+11 155.731995 5.903000 80.23662 105.23915 137.17947 -1524.860 -38.570 -2608.790
3.99870e+11 166.143997 6.689000 78.14149 106.12973 137.66212 -1081.880 -84.980 -370.240
8.46790e+11 213.354996 11.384000 79.02583 105.48623 137.52177 -993.940 1202.490 -570.220
9.40880e+11 220.981995 22.297001 81.03230 105.21136 139.90926 -830.500 -944.890 -1358.210
5.17480e+11 181.054993 14.548000 78.61303 105.86132 138.73927 525.110 -2059.020 199.960
1.43480e+12 254.358002 15.015000 79.01250 105.91671 137.23598 -1685.790 -917.120 -1684.820
1.62370e+14 1230.312012 242.985001 40.27147 87.41792 124.56467 -272.730 -206.760 -560.490
1.70535e+12 269.358246 22.740499 40.28420 87.44855 124.58391 -39.465 -558.716 115.152
2.58740e+11 143.703003 58.237999 40.35795 86.57623 124.29751 -207.380 408.150 91.570
7.05660e+11 200.774994 19.542000 39.99057 87.44452 124.04894 -316.750 -306.980 -441.580
2.18750e+12 292.750000 59.466000 39.87036 87.20323 124.40052 -511.000 -418.690 -175.160
6.35090e+11 193.845993 43.337002 39.17828 88.07925 125.22463 939.700 -162.430 -1061.650
2.82260e+11 147.785812 5.814500 38.98839 86.52620 124.14274 603.000 -16.550 -453.573
8.25620e+12 455.796997 21.061001 40.31348 87.72009 124.32265 -52.750 -492.960 -615.160
3.99870e+11 165.979965 14.914500 40.95887 87.50215 124.46936 -570.262 -1449.017 234.206
2.82260e+11 147.932007 15.545000 38.16185 88.27404 125.86827 799.900 -420.340 -1456.790
4.70440e+11 175.393005 34.516998 40.73812 88.16948 124.27553 -1125.970 -16.200 -683.180
6.35090e+11 193.845993 17.743999 38.78827 87.29810 125.55099 1614.060 -671.990 -549.840
4.39860e+12 369.502014 70.794998 38.23209 87.62340 124.93599 420.820 -31.440 -493.640
3.05790e+11 151.932007 31.591999 40.21178 86.02225 123.70799 -942.860 -112.770 -358.140
6.35090e+11 193.845993 18.754999 42.56162 83.19530 126.84265 -1076.450 1097.420 -577.290
2.02290e+12 285.213013 18.641001 38.90347 87.72445 125.18211 1177.160 -1.500 -1153.430
4.44570e+12 370.815002 43.308998 40.61168 87.28096 124.88378 -828.700 -971.960 -342.030
3.30010e+13 723.362000 310.459991 38.90151 87.55680 125.48434 918.000 -375.520 -1130.710
7.52700e+11 205.141006 14.313000 38.99951 87.47040 125.55534 769.250 -461.490 -526.650
1.08200e+12 231.520004 14.288000 45.06705 87.70801 125.59145 -854.920 -376.430 -837.490
3.00070e+14 1509.798950 525.185974 45.11710 75.77450 83.19916 -222.050 844.970 411.530
4.46920e+11 172.419998 20.049000 45.41325 76.24441 82.97667 -538.410 -242.540 660.680
4.70440e+11 175.393005 41.101002 45.69508 75.60710 82.26250 50.870 308.050 -634.630
3.52830e+11 159.354996 49.287998 45.70247 75.32296 82.46822 -574.340 1528.060 1530.440
3.29310e+11 155.731995 38.299000 45.14396 76.69102 83.97759 -711.420 -342.190 -109.150
2.98730e+12 324.790985 8.232000 45.25467 75.92729 83.45822 558.490 1536.720 727.560
3.05790e+11 151.932007 30.391001 44.39005 74.97830 83.22048 -730.070 1914.290 -306.080
4.93960e+11 178.268997 6.451000 44.99760 76.22509 83.00397 196.450 2564.790 37.320
1.08200e+12 231.520004 50.487999 44.48851 75.73289 82.45115 -41.580 1305.720 -147.060
7.99750e+11 209.328995 17.629000 45.01685 76.29623 81.94514 -503.660 787.850 305.120
4.46920e+11 172.419998 11.096000 44.58210 76.16878 83.27055 -969.190 -199.850 1194.670
7.05660e+11 200.774994 66.825996 46.19473 78.85103 82.38386 -102.210 -608.060 124.680
5.78640e+12 404.868988 19.739000 45.16477 75.83757 83.16069 -1694.170 733.690 918.370
1.03500e+12 228.115005 20.158001 44.97594 75.12885 83.30876 -814.250 687.380 -742.130
5.41010e+11 183.757996 22.509001 46.00038 78.52353 82.91983 -1285.960 476.030 353.290
8.23270e+11 211.360992 52.587002 45.31264 74.91048 81.49969 -52.460 1590.000 685.900
4.93960e+11 178.268997 8.861000 45.38497 78.38018 83.58595 -141.380 -46.330 -324.700
4.70440e+11 175.393005 46.285000 44.39944 74.72146 84.79131 661.920 737.350 329.790
4.11170e+13 778.364990 143.324005 44.74139 78.24161 84.65769 -13.560 -238.300 -498.580
1.01140e+13 487.707001 116.417000 44.75215 78.18077 84.66811 361.940 43.120 -1122.390
2.94025e+11 149.757187 34.932503 45.00410 78.27399 83.74435 15.541 406.062 734.980
1.92880e+12 280.720001 26.184999 44.92477 78.15816 84.44513 -118.500 270.410 -1038.050
8.39740e+12 458.380005 28.573000 46.06254 76.17871 82.23782 467.150 733.790 595.060
3.76350e+11 162.820999 28.059999 45.28003 77.37853 84.75309 -757.460 444.870 83.980
4.46920e+11 172.419998 18.622999 41.74732 76.73034 85.81379 611.110 48.290 -137.790
2.53100e+14 1426.505981 345.559998 240.16623 121.08263 89.45821 1141.310 248.370 163.490
1.50540e+12 258.462006 74.935997 240.16290 121.62428 89.45805 2536.750 535.240 744.730
3.99870e+11 166.143997 11.072000 239.97154 120.75463 89.46712 -103.720 53.570 32.530
1.64650e+11 123.605003 23.136999 239.28780 120.15627 89.04859 1206.630 1326.720 500.630
7.05660e+11 200.774994 9.829000 240.58698 121.60178 89.51702 -591.310 85.790 -940.780
4.46920e+11 172.419998 30.785999 239.76540 121.62634 90.16434 1627.520 481.170 432.350
4.23400e+11 169.339996 21.688000 239.34352 120.69849 89.12807 667.760 560.920 1641.530
1.52890e+12 259.800995 12.290000 240.13791 121.11427 89.39238 2322.840 1407.230 821.780
3.52830e+11 159.354996 14.712000 241.72289 120.58755 89.94106 237.820 -520.300 -397.840
1.71710e+12 270.049988 17.232000 238.40201 120.33179 88.49046 1522.150 545.450 577.260
4.30450e+12 366.847992 25.330000 240.34695 121.78777 89.24934 -864.800 325.310 -25.000
6.58620e+11 196.210007 22.988001 241.06897 121.71579 89.78825 1275.620 -444.690 -399.750
3.99870e+11 166.143997 8.325000 238.64842 119.59802 88.12350 1536.070 660.270 -20.190
3.76350e+11 162.820999 21.719000 243.37000 121.85679 91.22311 1249.270 -297.790 -177.710
6.11570e+11 191.423004 10.429000 242.75534 122.34053 92.75265 -41.230 -840.370 -522.900
2.39570e+14 1400.629028 1079.873047 243.16884 121.76881 92.36172 -352.090 -141.070 -785.840
3.52830e+11 159.354996 22.988001 242.51889 121.73207 92.01211 987.060 -46.290 131.810
7.05660e+11 200.774994 38.208000 242.17824 121.73752 92.57455 878.270 138.290 -1351.030
4.70440e+11 175.393005 67.238998 242.08202 122.55196 92.36937 1032.320 -230.780 -950.080
2.68150e+12 313.308014 33.765999 242.88686 121.64513 91.89869 635.170 -127.700 197.560
1.34080e+12 248.673004 18.712000 242.64299 122.07944 92.97594 833.980 -807.650 -1771.430
1.91940e+13 603.809021 64.013000 243.11830 120.92265 91.79030 372.780 545.440 -627.520
2.82260e+12 318.710999 30.466000 242.36110 121.15632 91.90570 731.200 4.310 -385.280
3.64590e+12 347.093994 39.226002 242.98972 121.33222 91.75218 -325.850 -93.400 578.270
2.02290e+12 285.213013 11.038000 242.99883 121.71679 92.29462 -37.010 480.080 -289.090
7.52700e+11 205.141006 10.651000 239.92230 121.15498 89.28220 96.090 -839.670 -588.790
2.79910e+12 317.822998 18.833000 240.55811 122.13864 89.48226 85.180 721.720 382.490
4.23400e+11 169.339996 19.813000 243.19829 118.83320 91.06277 727.320 734.160 76.990
4.93960e+11 178.268997 63.366001 243.01068 123.78763 91.76964 -97.990 -480.350 411.850
2.58740e+11 143.703003 26.466000 244.69826 124.29346 91.88852 118.280 -428.540 -61.640
5.27180e+14 1821.781982 267.203003 176.94002 222.01503 192.27303 361.140 537.780 181.830
2.11700e+11 134.404999 30.990999 176.86952 222.16319 191.63525 2839.330 617.450 -505.630
1.78770e+12 273.700012 13.743000 176.79811 221.85950 192.89314 306.110 873.910 -137.170
3.29310e+11 155.731995 7.824000 177.87999 222.64806 192.30341 -864.450 1091.170 -1428.950
2.58740e+11 143.703003 31.745001 176.41391 222.80771 192.26122 587.690 681.470 -675.560
1.76415e+11 126.380310 16.126999 177.75648 221.53600 192.75208 -675.166 1968.270 -995.986
1.17608e+11 110.249741 25.821999 177.57320 222.31644 191.77409 -192.692 1527.682 -37.515
3.99870e+11 166.143997 28.136000 176.76988 222.38000 193.31131 -797.510 -454.910 1114.200
2.11700e+11 134.404999 41.700001 176.90228 221.27022 191.10698 -175.830 2176.300 1200.060
2.35220e+11 139.210007 8.248000 177.20718 221.03052 192.17828 1552.050 1812.990 -975.210
4.93960e+11 178.268997 17.353001 176.26498 222.20926 192.10095 296.390 -613.410 2193.530
3.52830e+11 159.354996 34.599998 176.63965 220.46858 192.24373 670.370 1454.670 203.150
5.17480e+11 181.054993 54.854000 176.58081 222.81049 193.19061 -938.380 684.410 -1137.660
3.29310e+11 155.731995 15.353000 175.97433 220.07310 193.29327 1291.880 706.590 -856.700
7.52700e+11 205.141006 71.109001 175.73256 221.50984 190.59064 957.960 1260.820 1164.030
3.29310e+11 155.731995 23.667000 176.17300 222.49481 193.66481 588.720 1027.970 -648.630
2.63450e+12 311.464996 1.952000 177.03839 222.28745 191.83412 625.790 1546.370 -1274.830
7.05660e+10 93.192001 10.886000 176.44873 222.35878 194.27414 127.690 679.810 -196.120
1.88180e+11 129.231003 23.281000 176.93224 222.10364 189.18164 646.810 27.560 1086.210
5.41010e+11 183.757996 22.707001 176.70396 219.98247 193.08279 49.970 327.670 -130.450
4.23400e+11 169.339996 20.902000 177.33391 224.29137 192.28442 272.700 -725.520 -473.440
7.52700e+11 205.141006 14.138000 177.62956 222.91895 192.01704 460.920 984.120 -710.540
6.58620e+11 196.210007 44.097000 177.44662 221.23547 195.88380 385.160 1191.760 -847.670
8.23270e+11 211.360992 30.099001 176.05235 221.90619 191.02324 207.010 315.090 -864.130
3.52830e+11 159.354996 13.531000 177.15520 221.93663 191.59215 -838.310 -28.760 -1749.940
3.52830e+11 159.354996 32.740002 177.15121 221.58389 189.80754 529.990 731.310 29.820
5.88050e+11 188.936996 24.115000 176.34378 220.60550 191.50146 771.960 872.270 472.320
7.05660e+10 93.192001 14.072000 179.12119 224.65880 189.46904 -72.990 -52.020 822.110
4.70440e+11 175.393005 37.606998 174.66525 221.84096 195.59380 1135.070 1406.930 -172.820
2.69190e+14 1456.114014 311.944000 5.76663 176.83177 61.05705 -468.360 -187.250 -908.280